0.258928571429
1.625
0.660714285714
0.0982142857143
0.0267857142857
0.0892857142857
1.14285714286
-0.0714285714286
-0.0714285714286
0.151785714286
0.946428571429
0.8125
0.5
0.4375
2.29464285714
0.473214285714
0.107142857143
0.5625
3.375
0.794642857143
1.04464285714
0.178571428571
0.232142857143
0.446428571429
0.107142857143
0.125
0.544642857143
0.410714285714
0.0714285714286
0.901785714286
0.428571428571
1.11607142857
1.66964285714
0.982142857143
1.41964285714
-0.178571428571
-0.00892857142857
-0.0982142857143
0.169642857143
0.196428571429
0.116071428571
2.11607142857
1.40178571429
0.133928571429
0.0982142857143
-0.0982142857143
0.267857142857
0.285714285714
-0.00892857142857
0.00892857142857
0.142857142857
0.6875
0.794642857143
1.125
0.455357142857
0.5
-0.00892857142857
0.0357142857143
0.785714285714
0.214285714286
-0.0357142857143
0.0892857142857
0.0803571428571
2.74107142857
0.946428571429
0.982142857143
0.321428571429
0.0803571428571
0.116071428571
-0.00892857142857
0.0178571428571
1.91071428571
0.4375
-0.0357142857143
0.125
0.446428571429
-0.0357142857143
0.0178571428571
0.401785714286
0.482142857143
-0.0714285714286
0.241071428571
1.26785714286
3.27678571429
3.29464285714
-0.0625
0.0267857142857
0.0803571428571
0.241071428571
1.4375
0.0982142857143
2.54464285714
-0.0982142857143
-0.0357142857143
1.19642857143
0.196428571429
0.535714285714
0.607142857143
0.0982142857143
0.366071428571
-0.00892857142857
0.0267857142857
0.0803571428571
0.107142857143
-0.0714285714286
-0.0714285714286
-0.00892857142857
-0.0357142857143
-0.0982142857143
0.0178571428571
0.991071428571
0.589285714286
0.544642857143
0.205357142857
0.0178571428571
0.767857142857
14.6696428571
0.169642857143
0.571428571429
0.0178571428571
0.142857142857
0.241071428571
0.991071428571
0.0714285714286
0.196428571429
-0.00892857142857
0.580357142857
0.455357142857
0.160714285714
0.0535714285714
0.00892857142857
-0.0357142857143
-0.0357142857143
0.419642857143
0.0535714285714
0.0178571428571
-0.0357142857143
-0.00892857142857
0.464285714286
0.125
1.36607142857
0.0803571428571
0.267857142857
0.544642857143
0.169642857143
0.276785714286
-0.00892857142857
-0.00892857142857
0.0
12.6071428571
-0.0357142857143
0.821428571429
0.0178571428571
1.125
0.142857142857
0.00892857142857
0.00892857142857
-0.0357142857143
0.133928571429
-0.125
-0.0357142857143
-0.0625
0.0178571428571
-0.00892857142857
-0.0357142857143
0.473214285714
-0.0714285714286
0.00892857142857
-0.0357142857143
0.535714285714
0.892857142857
-0.00892857142857
0.580357142857
2.04464285714
-0.00892857142857
0.241071428571
0.571428571429
1.79464285714
-0.0357142857143
-0.0357142857143
0.419642857143
0.964285714286
0.321428571429
0.714285714286
0.526785714286
-0.00892857142857
-0.0357142857143
-0.00892857142857
-0.0357142857143
0.0446428571429
-0.0357142857143
-0.0357142857143
-0.25
0.0803571428571
0.0267857142857
0.785714285714
0.169642857143
0.6875
-0.205357142857
0.339285714286
1.59821428571
1.125
0.160714285714
-0.0714285714286
-0.232142857143
0.0982142857143
0.0714285714286
0.125
0.0625
-0.0357142857143
-0.00892857142857
0.00892857142857
-0.0982142857143
-0.00892857142857
0.232142857143
-0.169642857143
0.0982142857143
1.42857142857
0.125
2.89285714286
0.732142857143
-0.00892857142857
0.580357142857
0.875
0.839285714286
0.0803571428571
-0.0357142857143
0.0357142857143
-0.00892857142857
-0.0714285714286
0.508928571429
1.03571428571
0.392857142857
0.357142857143
0.232142857143
2.44642857143
0.00892857142857
0.330357142857
1.94642857143
0.142857142857
0.607142857143
0.625
-0.00892857142857
0.6875
0.883928571429
0.0982142857143
0.580357142857
0.0267857142857
3.67857142857
0.589285714286
2.84821428571
0.678571428571
0.625
0.241071428571
0.857142857143
0.366071428571
0.267857142857
0.160714285714
0.982142857143
1.73214285714
0.0982142857143
0.8125
0.0267857142857
-0.0625
-0.00892857142857
0.133928571429
2.67857142857
0.125
2.44642857143
-0.00892857142857
0.544642857143
0.526785714286
-0.0357142857143
0.223214285714
0.625
0.321428571429
1.58035714286
1.38392857143
1.22321428571
-0.0357142857143
0.0446428571429
0.0892857142857
0.125
0.0178571428571
0.160714285714
0.401785714286
0.107142857143
-0.0357142857143
-0.0357142857143
0.196428571429
0.241071428571
0.0892857142857
0.723214285714
0.00892857142857
0.0
0.0357142857143
0.125
2.52678571429
1.08928571429
0.464285714286
0.857142857143
0.0267857142857
0.303571428571
-0.0357142857143
0.419642857143
0.116071428571
-0.0357142857143
-0.0625
-0.00892857142857
0.758928571429
0.526785714286
0.303571428571
-0.0357142857143
0.0267857142857
0.571428571429
0.196428571429
-0.0625
-0.0982142857143
0.3125
-0.151785714286
0.535714285714
0.776785714286
0.0267857142857
0.3125
0.678571428571
-0.00892857142857
-0.0714285714286
0.0
0.0267857142857
0.0267857142857
-0.00892857142857
0.0267857142857
-0.0357142857143
0.5625
0.0267857142857
0.178571428571
0.0357142857143
1.03571428571
0.0
-0.00892857142857
0.00892857142857
10.9910714286
0.196428571429
0.241071428571
-0.0982142857143
0.0982142857143
-0.00892857142857
0.553571428571
1.25892857143
0.866071428571
0.178571428571
1.92857142857
0.428571428571
0.0178571428571
0.946428571429
-0.383928571429
-0.00892857142857
0.928571428571
0.151785714286
0.0
0.455357142857
0.0178571428571
0.0803571428571
0.0
-0.0357142857143
-0.0357142857143
0.392857142857
0.107142857143
4.99107142857
0.517857142857
1.14285714286
-0.00892857142857
0.0982142857143
0.0982142857143
-0.0357142857143
0.4375
0.0982142857143
1.04464285714
0.0178571428571
0.107142857143
0.0267857142857
-0.0357142857143
-0.0714285714286
-0.0625
-0.0357142857143
0.0357142857143
0.0357142857143