65
96
57
88
180
231
48
114
98
15
80
210
94
57
58
198
301
35
129
144
29
53
66
102
77
58
140
214
13
91
133
10
261
132
351
60
123
97
406
208
130
90
95
36
68
101
364
101
104
273
59
35
101
133
330
56
177
13
321
167
221
10
321
343
102
191
294
190
156
27
452
145
421
272
249
21
354
192
150
128
80
106
1027
48
151
315
285
9
189
200
205
275
90
96
172
122
395
305
329
253
29
56
126
401
203
317
629
211
183
1079
229
98
280
353
617
240
79
155
67
93
349
213
13
269
220
116
571
116
176
205
51
119
87
478
482
162
228
167