0.0749354005168
0.470284237726
0.191214470284
0.0284237726098
0.0077519379845
0.0258397932817
0.330749354005
-0.0206718346253
-0.0206718346253
0.0439276485788
0.273901808786
0.235142118863
0.144702842377
0.12661498708
0.664082687339
0.136950904393
0.031007751938
0.162790697674
0.976744186047
0.229974160207
0.302325581395
0.0516795865633
0.0671834625323
0.129198966408
0.031007751938
0.0361757105943
0.157622739018
0.118863049096
0.0206718346253
0.260981912145
0.124031007752
0.322997416021
0.483204134367
0.284237726098
0.410852713178
-0.0516795865633
-0.00258397932817
-0.0284237726098
0.0490956072351
0.0568475452196
0.0335917312661
0.612403100775
0.405684754522
0.0387596899225
0.0284237726098
-0.0284237726098
0.077519379845
0.0826873385013
-0.00258397932817
0.00258397932817
0.0413436692506
0.198966408269
0.229974160207
0.325581395349
0.131782945736
0.144702842377
-0.00258397932817
0.0103359173127
0.227390180879
0.062015503876
-0.0103359173127
0.0258397932817
0.0232558139535
0.793281653747
0.273901808786
0.284237726098
0.093023255814
0.0232558139535
0.0335917312661
-0.00258397932817
0.00516795865633
0.552971576227
0.12661498708
-0.0103359173127
0.0361757105943
0.129198966408
-0.0103359173127
0.00516795865633
0.116279069767
0.139534883721
-0.0206718346253
0.0697674418605
0.366925064599
0.948320413437
0.953488372093
-0.0180878552972
0.0077519379845
0.0232558139535
0.0697674418605
0.416020671835
0.0284237726098
0.736434108527
-0.0284237726098
-0.0103359173127
0.346253229974
0.0568475452196
0.15503875969
0.175710594315
0.0284237726098
0.105943152455
-0.00258397932817
0.0077519379845
0.0232558139535
0.031007751938
-0.0206718346253
-0.0206718346253
-0.00258397932817
-0.0103359173127
-0.0284237726098
0.00516795865633
0.286821705426
0.170542635659
0.157622739018
0.0594315245478
0.00516795865633
0.222222222222
4.24547803618
0.0490956072351
0.165374677003
0.00516795865633
0.0413436692506
0.0697674418605
0.286821705426
0.0206718346253
0.0568475452196
-0.00258397932817
0.167958656331
0.131782945736
0.046511627907
0.015503875969
0.00258397932817
-0.0103359173127
-0.0103359173127
0.121447028424
0.015503875969
0.00516795865633
-0.0103359173127
-0.00258397932817
0.134366925065
0.0361757105943
0.395348837209
0.0232558139535
0.077519379845
0.157622739018
0.0490956072351
0.0801033591731
-0.00258397932817
-0.00258397932817
0.0
3.64857881137
-0.0103359173127
0.237726098191
0.00516795865633
0.325581395349
0.0413436692506
0.00258397932817
0.00258397932817
-0.0103359173127
0.0387596899225
-0.0361757105943
-0.0103359173127
-0.0180878552972
0.00516795865633
-0.00258397932817
-0.0103359173127
0.136950904393
-0.0206718346253
0.00258397932817
-0.0103359173127
0.15503875969
0.258397932817
-0.00258397932817
0.167958656331
0.59173126615
-0.00258397932817
0.0697674418605
0.165374677003
0.519379844961
-0.0103359173127
-0.0103359173127
0.121447028424
0.279069767442
0.093023255814
0.206718346253
0.152454780362
-0.00258397932817
-0.0103359173127
-0.00258397932817
-0.0103359173127
0.0129198966408
-0.0103359173127
-0.0103359173127
-0.0723514211886
0.0232558139535
0.0077519379845
0.227390180879
0.0490956072351
0.198966408269
-0.0594315245478
0.0981912144703
0.462532299742
0.325581395349
0.046511627907
-0.0206718346253
-0.0671834625323
0.0284237726098
0.0206718346253
0.0361757105943
0.0180878552972
-0.0103359173127
-0.00258397932817
0.00258397932817
-0.0284237726098
-0.00258397932817
0.0671834625323
-0.0490956072351
0.0284237726098
0.413436692506
0.0361757105943
0.837209302326
0.21188630491
-0.00258397932817
0.167958656331
0.25322997416
0.242894056848
0.0232558139535
-0.0103359173127
0.0103359173127
-0.00258397932817
-0.0206718346253
0.147286821705
0.299741602067
0.113695090439
0.103359173127
0.0671834625323
0.708010335917
0.00258397932817
0.0956072351421
0.56330749354
0.0413436692506
0.175710594315
0.180878552972
-0.00258397932817
0.198966408269
0.255813953488
0.0284237726098
0.167958656331
0.0077519379845
1.0645994832
0.170542635659
0.824289405685
0.196382428941
0.180878552972
0.0697674418605
0.248062015504
0.105943152455
0.077519379845
0.046511627907
0.284237726098
0.501291989664
0.0284237726098
0.235142118863
0.0077519379845
-0.0180878552972
-0.00258397932817
0.0387596899225
0.77519379845
0.0361757105943
0.708010335917
-0.00258397932817
0.157622739018
0.152454780362
-0.0103359173127
0.0645994832041
0.180878552972
0.093023255814
0.457364341085
0.400516795866
0.354005167959
-0.0103359173127
0.0129198966408
0.0258397932817
0.0361757105943
0.00516795865633
0.046511627907
0.116279069767
0.031007751938
-0.0103359173127
-0.0103359173127
0.0568475452196
0.0697674418605
0.0258397932817
0.209302325581
0.00258397932817
0.0
0.0103359173127
0.0361757105943
0.731266149871
0.315245478036
0.134366925065
0.248062015504
0.0077519379845
0.0878552971576
-0.0103359173127
0.121447028424
0.0335917312661
-0.0103359173127
-0.0180878552972
-0.00258397932817
0.219638242894
0.152454780362
0.0878552971576
-0.0103359173127
0.0077519379845
0.165374677003
0.0568475452196
-0.0180878552972
-0.0284237726098
0.0904392764858
-0.0439276485788
0.15503875969
0.22480620155
0.0077519379845
0.0904392764858
0.196382428941
-0.00258397932817
-0.0206718346253
0.0
0.0077519379845
0.0077519379845
-0.00258397932817
0.0077519379845
-0.0103359173127
0.162790697674
0.0077519379845
0.0516795865633
0.0103359173127
0.299741602067
0.0
-0.00258397932817
0.00258397932817
3.18087855297
0.0568475452196
0.0697674418605
-0.0284237726098
0.0284237726098
-0.00258397932817
0.160206718346
0.364341085271
0.250645994832
0.0516795865633
0.558139534884
0.124031007752
0.00516795865633
0.273901808786
-0.111111111111
-0.00258397932817
0.268733850129
0.0439276485788
0.0
0.131782945736
0.00516795865633
0.0232558139535
0.0
-0.0103359173127
-0.0103359173127
0.113695090439
0.031007751938
1.44444444444
0.149870801034
0.330749354005
-0.00258397932817
0.0284237726098
0.0284237726098
-0.0103359173127
0.12661498708
0.0284237726098
0.302325581395
0.00516795865633
0.031007751938
0.0077519379845
-0.0103359173127
-0.0206718346253
-0.0180878552972
-0.0103359173127
0.0103359173127
0.0103359173127